1312 730 1722 1013 1354 1009 1700 1253
1309 644 1706 1002 1345 1002 1652 1280
1344 640 1762 995 1351 1027 1638 1325
1324 633 1694 1026 1378 1041 1652 1310
1299 702 1685 999 1348 988 1673 1278
1337 606 1736 941 1384 956 1688 1231
1320 648 1704 985 1358 1009 1646 1284
1362 596 1705 896 1347 875 1617 1178
1351 717 1731 1058 1394 1064 1649 1332
1300 507 1667 866 1351 903 1621 1201
1229 602 1680 971 1313 1009 1648 1293
1347 738 1690 991 1394 971 1690 1219
1295 523 1709 854 1375 909 1635 1199
1276 688 1680 1021 1349 1026 1642 1336
